0.663266
-0.682419
0.752285
-0.235770
-0.189511
0.918232
1.000000
0.168034
-1.000000
-0.347159
0.854055
-1.000000
-1.000000
0.196645
0.869243
-1.000000
0.968385
0.214054
-0.688300
0.830720
0.851081
-1.000000
0.616197
-0.151616
0.637765
-0.084723
-0.911573
0.123845
-0.587653
-0.896097
-0.267921
-0.294551
-0.600776
0.843604
-0.109296
-0.602250
-0.027605
0.161560
-1.000000
-0.580148
0.350179
0.617012
-0.063241
-1.000000
-0.095434
-0.439742
-1.000000
-1.000000
0.713233
-1.000000
1.000000
-0.239083
1.000000
1.000000
0.116575
-0.367964
0.315988
-0.112615
-0.082964
-1.000000
-0.966422
-0.150795
0.599411
0.362137
0.366790
-0.071294
-0.381794
0.011704
-1.000000
-0.409427
-0.559230
0.553585
0.676892
-0.890672
0.232951
1.000000
1.000000
-0.567449
0.045319
-0.253131
-0.979175
-1.000000
0.118012
-1.000000
-0.341767
0.559639
-0.303883
0.475350
-1.000000
-1.000000
-0.779193
0.152745
1.000000
0.475974
-0.898155
-0.320879
0.813784
-0.659710
0.428991
1.000000
-0.327812
-0.939999
0.584013
0.223679
0.462059
-1.000000
-0.990464
0.094690
1.000000
0.548798
-0.360479
0.184969
0.485334
-0.533446
0.906990
0.741060
-0.580249
0.292262
-0.422639
0.726124
-0.094824
-0.357345
-0.614368
1.000000
1.000000
-0.403751
0.304457
-1.000000
-0.517505
-0.616530
0.730322
-0.240540
-0.126648
-0.003947
-1.000000
1.000000
0.543977
-1.000000
-1.000000
0.775106
1.000000
0.086286
