0.732001
1.000000
0.288453
-0.641778
1.000000
-0.307016
0.373089
-1.000000
-1.000000
0.178387
0.971844
-0.625796
0.058872
-0.263537
0.169514
0.972480
-0.835509
0.740569
1.000000
0.848189
0.577993
-0.172362
0.083352
-0.347404
0.118569
0.209512
-1.000000
0.116015
-0.041035
-0.607371
0.094243
0.136499
-0.592141
0.622337
0.619195
0.317310
0.435245
-0.867861
0.940304
0.957802
0.643200
0.317653
-0.422746
0.421518
1.000000
0.022860
0.718069
-0.451567
-0.774967
0.966781
-0.156708
-0.806057
-0.457338
-0.033177
0.513030
0.713167
-0.947412
1.000000
0.883274
1.000000
-0.155723
-0.365881
-0.024925
-0.859962
-0.663725
-0.876597
-0.420827
0.794838
0.337912
0.512835
-0.207010
-0.037749
-0.290094
0.268448
-0.112666
0.003713
0.928395
1.000000
1.000000
0.233610
0.857724
0.305542
-0.925630
1.000000
-1.000000
-0.352709
0.032581
1.000000
-0.335217
0.029052
0.267355
0.433039
-1.000000
1.000000
-1.000000
0.311511
0.367553
1.000000
-0.818103
-0.022640
-0.880840
1.000000
0.967335
0.644427
0.360866
-0.236028
-0.671877
-0.869968
0.511099
-0.220600
0.986906
-0.462850
-0.716963
0.652843
-0.220429
1.000000
-1.000000
-0.941159
1.000000
0.834655
-1.000000
-1.000000
0.278768
-0.450555
-0.984895
0.631699
0.213262
-0.771252
1.000000
-0.931059
-1.000000
0.163322
-0.624799
-0.203664
-0.098393
-0.417024
1.000000
-1.000000
-0.591779
-0.066274
1.000000
-0.445124
